3
15
24
30
31
27
20
12
0
-15
-24
-30
-31
-29
-22
-12
0
0
0
0
0
0
0
0
0
0
0
0
0
0
0
0
0
15
24
29
31
27
22
12
-3
-12
-24
-30
-31
-27
-22
-12
0
0
0
0
0
0
0
0
0
0
0
0
0
0
0
0
3
15
22
29
31
27
22
9
0
-12
-22
-30
-31
-27
-20
-12
0
0
0
0
0
0
0
0
0
0
0
0
0
0
0
0
0
12
22
30
31
29
22
9
0
-12
-22
-30
-31
-29
-20
-9
0
0
0
0
0
0
0
0
0
0
0
0
0
0
0
0
0
15
24
30
31
27
22
12
0
-15
-22
-30
-31
-29
-20
-9
0
0
0
0
0
0
0
0
0
0
0
0
0
0
0
0
0
12
24
29
31
29
20
9
0
-12
-22
-29
-31
-27
-22
-9
0
0
0
0
0
0
0
0
0
0
0
0
0
0
0
0
3
15
22
30
31
27
20
9
0
-15
-22
-29
-31
-27
-22
-9
0
0
0
0
0
0
0
0
0
0
0
0
0
0
0
0
0
15
22
30
31
29
20
9
0
-12
-22
-29
-31
-29
-20
-12
0
0
0
0
0
0
0
0
0
0
0
0
0
0
0
0
3
12
24
30
31
29
22
12
0
-12
-24
-29
-31
-29
-22
-12
0
0
0
0
0
0
0
0
0
0
0
0
0
0
0
0
3
15
24
30
31
27
20
9
-3
-12
-22
-29
-31
-29
-22
-12
0
0
0
0
0
0
0
0
0
0
0
0
0
0
0
0
0
12
24
30
31
27
20
12
0
-12
-24
-29
-31
-27
-22
-9
0
0
0
0
0
0
0
0
0
0
0
0
0
0
0
0
3
15
22
30
31
27
22
9
0
-12
-22
-30
-31
-27
-22
-12
0
0
0
0
0
0
0
0
0
0
0
0
0
0
0
0
0
15
22
29
31
27
22
12
-3
-12
-24
-30
-31
-29
-20
-9
0
0
0
0
0
0
0
0
0
0
0
0
0
0
0
0
3
15
22
29
31
29
22
12
-3
-12
-22
-29
-31
-27
-22
-9
0
0
0
0
0
0
0
0
0
0
0
0
0
0
0
0
0
12
22
29
31
29
22
9
-3
-15
-24
-29
-31
-27
-20
-9
0
0
0
0
0
0
0
0
0
0
0
0
0
0
0
0
0
12
24
29
31
29
20
12
0
-15
-22
-29
-31
-29
-22
-9
0
0
0
0
0
0
0
0
0
0
0
0
0
0
0
0
0
12
22
29
31
27
22
9
-3
-15
-24
-30
-31
-29
-22
-9
0
0
0
0
0
0
0
0
0
0
0
0
0
0
0
0
0
15
24
30
31
27
20
12
0
-15
-22
-29
-31
-27
-22
-12
0
0
0
0
0
0
0
0
0
0
0
0
0
0
0
0
0
15
22
30
31
29
22
12
0
-15
-24
-29
-31
-27
-22
-12
0
0
0
0
0
0
0
0
0
0
0
0
0
0
0
0
0
12
24
30
31
27
22
12
-3
-15
-24
-29
-31
-27
-22
-12
0
0
0
0
0
0
0
0
0
0
0
0
0
0
0
0
0
12
24
30
31
27
22
12
0
-12
-22
-29
-31
-29
-20
-12
0
0
0
0
0
0
0
0
0
0
0
0
0
0
0
0
3
15
24
30
31
29
22
9
-3
-15
-24
-29
-31
-29
-22
-9
0
0
0
0
0
0
0
0
0
0
0
0
0
0
0
0
0
15
22
30
31
29
22
12
0
-12
-24
-29
-31
-29
-20
-12
0
0
0
0
0
0
0
0
0
0
0
0
0
0
0
0
3
15
24
29
31
29
20
9
0
-15
-22
-29
-31
-27
-20
-9
0
0
0
0
0
0
0
0
0
0
0
0
0
0
0
0
3
15
24
30
31
29
22
9
-3
-15
-24
-30
-31
-27
-20
-9
0
0
0
0
0
0
0
0
0
0
0
0
0
0
0
0
0
15
22
29
31
29
22
9
-3
-12
-22
-30
-31
-29
-22
-9
0
0
0
0
0
0
0
0
0
0
0
0
0
0
0
0
0
15
24
29
31
27
20
12
-3
-15
-24
-29
-31
-27
-22
-12
0
0
0
0
0
0
0
0
0
0
0
0
0
0
0
0
3
15
22
29
31
27
22
9
0
-12
-22
-29
-31
-29
-22
-12
0
0
0
0
0
0
0
0
0
0
0
0
0
0
0
0
3
12
24
30
31
29
20
9
0
-12
-24
-30
-31
-27
-20
-12
0
0
0
0
0
0
0
0
0
0
0
0
0
0
0
0
0
12
24
30
31
29
22
12
0
-12
-22
-30
-31
-27
-20
-12
0
0
0
0
0
0
0
0
0
0
0
0
0
0
0
0
3
12
22
30
31
27
20
12
-3
-15
-24
-29
-31
-27
-20
-9
0
0
0
0
0
0
0
0
0
0
0
0
0
0
0
0
3
12
22
30
31
27
22
12
